"x1" "x2" "x3" "y"
"1" -0.483333333333333 2.13222587496717 -1.5039552090305 0
"2" -0.466666666666667 -0.881311224126271 -0.970930168543295 0
"3" -0.45 2.06634427936758 0.486885533718154 0
"4" -0.433333333333333 -1.3897363868318 1.12392591020775 0
"5" -0.416666666666667 -0.363755355158197 0.0477607812119843 0
"6" -0.4 -0.66687019370918 -0.441130208556745 0
"7" -0.383333333333333 1.06246171999942 0.535912682820712 0
"8" -0.366666666666667 -0.58782470519995 0.878747558744125 0
"9" -0.35 -0.330807495557248 -0.398653591340929 0
"10" -0.333333333333333 0.171019156965016 -1.43838082086001 0
"11" -0.316666666666667 -2.06939761899537 -0.371534841744305 0
"12" -0.3 1.25153600574474 1.61258240940579 1
"13" -0.283333333333333 -0.508056057288431 -0.487729913059057 0
"14" -0.266666666666667 0.547609087217101 1.48625718091628 0
"15" -0.25 -0.82163633725837 0.807413819251033 0
"16" -0.233333333333333 0.0813464959020556 0.0212601588518987 1
"17" -0.216666666666667 -1.83626221556167 -0.39803282531335 0
"18" -0.2 0.924611883626881 -1.18713255705873 0
"19" -0.183333333333333 -0.446298006325283 0.170753532229643 0
"20" -0.166666666666667 0.696403042509581 -1.75561349120315 0
"21" -0.15 0.5333089110484 -0.694078571511355 0
"22" -0.133333333333333 0.845866608031434 -0.0211979093995951 0
"23" -0.116666666666667 1.90192809416281 0.627045298473273 1
"24" -0.1 1.09505037939512 0.213146283659655 1
"25" -0.0833333333333333 -0.238669450975047 -0.0863094423480721 0
"26" -0.0666666666666667 0.258399534382621 0.111887249083823 1
"27" -0.05 0.193125408083674 -0.728622909155254 0
"28" -0.0333333333333333 -1.73006682917359 1.2040002330056 0
"29" -0.0166666666666667 -1.31522786397897 -1.17258645319406 1
"30" 0 -0.986110038228401 -0.848479961400945 1
"31" 0.0166666666666667 -1.52891892659765 1.25494497863443 0
"32" 0.0333333333333333 0.16505591121353 1.6436050416677 1
"33" 0.05 -1.2152086107112 -1.96268932057388 0
"34" 0.0666666666666667 -1.28574598452106 0.0107569872071076 1
"35" 0.0833333333333334 -0.392031786193412 -1.47214271074761 1
"36" 0.1 0.574518991928598 -0.263443735855887 1
"37" 0.116666666666667 -0.272081293555836 -0.97963192917413 1
"38" 0.133333333333333 -0.8105886086811 -0.165378902771498 0
"39" 0.15 1.91710701746238 -0.558669542590117 1
"40" 0.166666666666667 -0.132603501148572 -0.441223111609166 0
"41" 0.183333333333333 0.706153359285142 0.39075455080738 1
"42" 0.2 -0.485045659345303 -0.267905487647622 1
"43" 0.216666666666667 -1.04115148683754 -1.01482243436644 1
"44" 0.233333333333333 -0.497803573788698 0.305325452590631 1
"45" 0.25 1.11759940269727 1.23468314129684 1
"46" 0.266666666666667 0.546134598885031 0.834342882993653 1
"47" 0.283333333333333 -0.191876938414061 -0.51164726520641 1
"48" 0.3 0.666532323267344 -1.4081600228438 1
"49" 0.316666666666667 -0.32835795037565 -0.270482624779187 1
"50" 0.333333333333333 -0.32554868706712 -1.48419161006133 1
"51" 0.35 0.00742471906476954 0.301551860824997 1
"52" 0.366666666666667 -0.595713585107846 -0.615356992600332 1
"53" 0.383333333333333 -0.631816500110984 -1.49911700336481 1
"54" 0.4 -2.06064640207262 0.640522118651424 1
"55" 0.416666666666667 -0.673463068114223 -0.421822948363834 1
"56" 0.433333333333333 -2.05812351985651 -0.930006486913803 1
"57" 0.45 0.450999900441548 0.105141487073093 1
"58" 0.466666666666667 -0.366953221917574 1.4811296264545 1
"59" 0.483333333333333 -1.31265311733724 0.74759366294693 1
"60" 0.5 0.816334977569689 -1.65510153820057 1
